function yy=obj_prob10_1(x)

global l
% w1=0.99;
% w2=0.72;
%w3=0.1;

% yy=(6.076+1.714*x(1)+1.308*x(2)-(2.305*(x(1)^2))-(0.104*(x(2)^2))-(0.462*x(1)*x(2)));

yy1=(-(759.4985-(59.7972*x(1))+(306.2039*x(2))+35.5050*x(3)-(36.9272*(x(1)^2))-(20.7739*(x(2)^2))+(46.6294*(x(3)^2))-(34.1083*x(1)*x(2))-(1.4*x(2)*x(3))-(22.7*x(1)*x(3))));
yy2=24.2741-0.1850*x(1)+7.7917*x(2)+1.5250*x(3)-0.1025*(x(1)*x(2))-(0.2083*x(1)*x(3))+0.7375*(x(2)*x(3))+0.0561*(x(1)^2)-0.8472*(x(2)^2)-3.4439*(x(3)^2);
yy3=0.6326+0.08*x(1)+0.0844*x(2)+0.1478*x(3)-0.02*(x(1)*x(2))-0.03*(x(2)*x(3))-0.0778*(x(1)^2)+0.0156*(x(2)^2)-0.0278*(x(3)^2);

%yy=((w1/(1205.02))*((-(759.4985-(59.7972*x(1))+(306.2039*x(2))+35.5050*x(3)-(36.9272*(x(1)^2))-(20.7739*(x(2)^2))+(46.6294*(x(3)^2))-(34.1083*x(1)*x(2))-(1.4*x(2)*x(3))-(22.7*x(1)*x(3))))))+((w2/11.3347)*(24.2741-0.1850*x(1)+7.7917*x(2)+1.5250*x(3)-0.1025*(x(1)*x(2))-(0.2083*x(1)*x(3))+0.7375*(x(2)*x(3))+0.0561*(x(1)^2)-0.8472*(x(2)^2)-3.4439*(x(3)^2)));
%yy=(w1*((-(759.4985-(59.7972*x(1))+(306.2039*x(2))+35.5050*x(3)-(36.9272*(x(1)^2))-(20.7739*(x(2)^2))+(46.6294*(x(3)^2))-(34.1083*x(1)*x(2))-(1.4*x(2)*x(3))-(22.7*x(1)*x(3))))))+(w3*(0.6326+0.08*x(1)+0.0844*x(2)+0.1478*x(3)-0.02*(x(1)*x(2))-0.03*(x(2)*x(3))-0.0778*(x(1)^2)+0.0156*(x(2)^2)-0.0278*(x(3)^2)));
%yy=(w2*(24.2741-0.1850*x(1)+7.7917*x(2)+1.5250*x(3)-0.1025*(x(1)*x(2))-(0.2083*x(1)*x(3))+0.7375*(x(2)*x(3))+0.0561*(x(1)^2)-0.8472*(x(2)^2)-3.4439*(x(3)^2)))+(w3*(0.6326+0.08*x(1)+0.0844*x(2)+0.1478*x(3)-0.02*(x(1)*x(2))-0.03*(x(2)*x(3))-0.0778*(x(1)^2)+0.0156*(x(2)^2)-0.0278*(x(3)^2)));

%yy=((w1*yy1)/100)+((1-w1)*yy2);
% yy=((w1*yy1)/10000)+((1-w1)*yy3);
% yy=((w1*yy2)/11.3347)+(((1-w1)*yy3)/0.18119);
yy=((l*yy1)/1000)+((1-l)*yy3);

